modularity,time,stop,cooling
0.48490961591709186,64.0359377861023,100,0.999
0.43605870020964355,55.557000398635864,100,0.999
0.48969581899450176,67.84863519668579,100,0.999
0.45006131086586776,71.41142153739929,100,0.999
0.5101459594161624,95.84599423408508,100,0.999
0.450891974209881,73.3922860622406,100,0.999
0.5080099679601282,56.68866467475891,100,0.999
0.46200704086072547,56.27529048919678,100,0.999
0.45686483920730986,55.523051738739014,100,0.999
0.45870416518333923,76.07115292549133,100,0.999
0.4565286183299711,100.35625433921814,200,0.999
0.5238123491950477,85.38240647315979,200,0.999
0.4608401566393735,156.3511507511139,200,0.999
0.484711838930422,154.71070384979248,200,0.999
0.4889244887464895,57.69188070297241,200,0.999
0.4687710138048338,93.75429821014404,200,0.999
0.5238123491950476,135.01539516448975,200,0.999
0.5170483762509395,69.57439255714417,200,0.999
0.45494640243661244,78.01292681694031,200,0.999
0.522348799493691,99.07965683937073,200,0.999
0.43615758870297855,160.42678093910217,300,0.999
0.48380206479174087,74.11265182495117,300,0.999
0.4428028954550848,123.86869978904724,300,0.999
0.44913175902851943,109.0468099117279,300,0.999
0.4415766781377319,102.39288210868835,300,0.999
0.4229658636921008,132.2029914855957,300,0.999
0.4387880226256873,86.8864119052887,300,0.999
0.463767256042087,141.00187420845032,300,0.999
0.48969581899450176,167.0601031780243,300,0.999
0.4453146631857917,96.01161885261536,300,0.999
0.49331513785055964,124.52436923980713,400,0.999
0.47937186029033657,123.84474587440491,400,0.999
0.4795894149756735,110.53373527526855,400,0.999
0.45403662829793134,130.5117905139923,400,0.999
0.4839009532850757,107.98878931999207,400,0.999
0.48490961591709186,125.77696228027344,400,0.999
0.5193821446936434,120.6810793876648,400,0.999
0.45941616233535065,124.10702347755432,400,0.999
0.44236778608441124,134.64734292030334,400,0.999
0.479945413551679,108.4772675037384,400,0.999
0.4556979549859579,143.89807271957397,500,0.999
0.5184525928562952,143.69622898101807,500,0.999
0.5097306277441557,109.98461127281189,500,0.999
0.5169692654562715,194.763995885849,500,0.999
0.5277283335311104,320.60994148254395,500,0.999
0.46867212531149877,186.36766719818115,500,0.999
0.4638068114394208,107.39397692680359,500,0.999
0.4594359400340176,140.96814036369324,500,0.999
0.5258692298564138,247.62675499916077,500,0.999
0.45542106720462006,97.2521390914917,500,0.999
0.45941616233535065,154.09297251701355,600,0.999
0.4142636762786282,121.7297146320343,600,0.999
0.5142794984375617,184.84465432167053,600,0.999
0.45955460622601946,200.72360706329346,600,0.999
0.495233574621257,161.4054684638977,600,0.999
0.4595743839246865,171.3162202835083,600,0.999
0.4832680669277323,143.2949161529541,600,0.999
0.5125983940508683,128.25998044013977,600,0.999
0.5169692654562715,179.19604468345642,600,0.999
0.4594161623353507,171.27595329284668,600,0.999
0.41107946679324386,45.21750473976135,100,0.995
0.4703730073968593,34.12909531593323,100,0.995
0.434417151220284,67.11164903640747,100,0.995
0.45672639531664105,30.44373846054077,100,0.995
0.4705312289861952,57.29432392120361,100,0.995
0.4455124401724615,59.13367962837219,100,0.995
0.46171037538072063,56.93592405319214,100,0.995
0.39112376883825795,54.18731665611267,100,0.995
0.36976385427791614,20.988419771194458,100,0.995
0.4005972864997429,34.684996128082275,100,0.995
0.45957438392468647,63.2847626209259,200,0.995
0.48360428780507103,88.38229036331177,200,0.995
0.46238281713539814,84.310715675354,200,0.995
0.4586250543886713,54.47278666496277,200,0.995
0.5191843677069735,72.61153769493103,200,0.995
0.45536173410861913,71.3732807636261,200,0.995
0.408607254459871,81.44726848602295,200,0.995
0.48997270677583954,51.17380976676941,200,0.995
0.5016415489893596,53.93470597267151,200,0.995
0.4535619635299236,77.8385374546051,200,0.995
0.4595743839246865,142.4711310863495,300,0.995
0.4663779122661288,132.07018184661865,300,0.995
0.4634508128634152,131.56565189361572,300,0.995
0.48140896325303595,75.16187381744385,300,0.995
0.4764052054902891,80.37921571731567,300,0.995
0.475436098255607,99.30267214775085,300,0.995
0.5084648550294688,94.69620537757874,300,0.995
0.48051896681302164,133.80466032028198,300,0.995
0.4826945136663897,129.15879583358765,300,0.995
0.4531664095565841,83.62690591812134,300,0.995
0.4699181203275188,157.77881574630737,400,0.995
0.5194810331869785,128.9460792541504,400,0.995
0.47711720264230045,136.30333018302917,400,0.995
0.4719552232902179,144.12915921211243,400,0.995
0.5250781219097346,136.7845540046692,400,0.995
0.41713144258534074,98.95075988769531,400,0.995
0.4692259008741743,172.27935528755188,400,0.995
0.4834658439144022,80.06787490844727,400,0.995
0.5241683477710534,121.74036717414856,400,0.995
0.4532455203512519,90.46469187736511,400,0.995
0.4833669554210672,131.1213879585266,500,0.995
0.5216368023416795,196.3041467666626,500,0.995
0.5250781219097346,123.81812453269958,500,0.995
0.5194810331869784,160.61137008666992,500,0.995
0.4554210672046201,145.72860431671143,500,0.995
0.5250781219097345,127.09085774421692,500,0.995
0.4807167437996915,124.61129450798035,500,0.995
0.5234563506190418,101.76517963409424,500,0.995
0.45941616233535065,91.53046655654907,500,0.995
0.5169692654562715,135.63901710510254,500,0.995
0.5250781219097346,147.75783491134644,600,0.995
0.45536173410861913,113.48760628700256,600,0.995
0.4834262885170682,162.14667129516602,600,0.995
0.4638068114394208,168.5293209552765,600,0.995
0.4803014121276849,145.8281695842743,600,0.995
0.48490961591709186,157.50316190719604,600,0.995
0.46378703374075386,155.12017726898193,600,0.995
0.46726790870614293,141.75506567955017,600,0.995
0.5169692654562715,142.29191088676453,600,0.995
0.48380206479174087,117.81256151199341,600,0.995
0.49452157746924563,42.91619563102722,100,0.98
0.4609588228313753,46.71803164482117,100,0.98
0.43878802262568717,42.71582078933716,100,0.98
0.4618092638740555,37.70019340515137,100,0.98
0.46451880859143224,51.10158181190491,100,0.98
0.461275266010047,64.54860329627991,100,0.98
0.44454333293777937,39.989776849746704,100,0.98
0.46667457774613347,48.408735513687134,100,0.98
0.4795894149756734,29.939162015914917,100,0.98
0.4879356038131402,45.08905839920044,100,0.98
0.48754004983980065,70.6746551990509,200,0.98
0.4588623867726751,59.987937688827515,200,0.98
0.4557375103832918,88.1464114189148,200,0.98
0.4279300660575135,46.17363262176514,200,0.98
0.4071239270598473,63.61351680755615,200,0.98
0.4357620347296389,81.2453362941742,200,0.98
0.4487164273565129,49.280844926834106,200,0.98
0.44654088050314467,57.62517046928406,200,0.98
0.5164154898935959,71.34659099578857,200,0.98
0.5170483762509395,59.350852727890015,200,0.98
0.4948182429492504,82.12440180778503,300,0.98
0.5072584154107829,81.62528657913208,300,0.98
0.4818045172263756,81.5867531299591,300,0.98
0.5150706063842412,103.1605806350708,300,0.98
0.4863929433171156,52.62282133102417,300,0.98
0.46380681143942093,104.28406977653503,300,0.98
0.5175625964162811,84.51946139335632,300,0.98
0.40291127724377995,48.615654945373535,300,0.98
0.4688896799968355,187.93170619010925,300,0.98
0.4465408805031446,79.25217962265015,300,0.98
0.5176417072109488,94.26513028144836,400,0.98
0.4579328349353269,87.49328756332397,400,0.98
0.48322851153039825,173.4966812133789,400,0.98
0.5229619081523673,115.8456711769104,400,0.98
0.46058304655670257,82.82267880439758,400,0.98
0.5193821446936434,157.47028946876526,400,0.98
0.5251770104030695,133.29500150680542,400,0.98
0.4951346861279221,108.72649717330933,400,0.98
0.5125983940508683,82.12265300750732,400,0.98
0.4619872631620585,110.34901595115662,400,0.98
0.5192832562003085,200.7326145172119,500,0.98
0.470748783671532,93.27894020080566,500,0.98
0.5258692298564139,190.31350779533386,500,0.98
0.5061904196827657,251.2995159626007,500,0.98
0.4943435781812428,123.87126183509827,500,0.98
0.485977611645109,142.8491404056549,500,0.98
0.4154898935959812,92.65967440605164,500,0.98
0.4827736244610577,119.11225509643555,500,0.98
0.525651675171077,117.17640423774719,500,0.98
0.4849096159170919,89.03813171386719,500,0.98
0.5176417072109489,158.05402040481567,600,0.98
0.5067837506427751,192.5557143688202,600,0.98
0.4492899806178553,146.013610124588,600,0.98
0.48322851153039836,109.36722040176392,600,0.98
0.45138641667655544,127.03969740867615,600,0.98
0.4772952019303033,160.71602845191956,600,0.98
0.47074878367153206,108.44085788726807,600,0.98
0.5158419366322534,135.32986688613892,600,0.98
0.5176417072109488,203.93299198150635,600,0.98
0.42531940983347183,155.6317801475525,600,0.98
0.4056405996598236,49.541794538497925,100,0.97
0.5225465764803607,68.6171305179596,100,0.97
0.5078121909734583,54.32118582725525,100,0.97
0.4081721450891974,76.35469269752502,100,0.97
0.48997270677583954,33.17264246940613,100,0.97
0.4627388157114038,61.095402240753174,100,0.97
0.4713618923302085,38.88654279708862,100,0.97
0.40271350025711006,35.399526834487915,100,0.97
0.440350460820379,53.65713024139404,100,0.97
0.46447925319409833,45.50327134132385,100,0.97
0.45542106720462,41.823262453079224,200,0.97
0.4572603931806494,60.73337125778198,200,0.97
0.45087219651121396,60.64330053329468,200,0.97
0.49119892409319255,83.41660451889038,200,0.97
0.40971480558522205,58.26438641548157,200,0.97
0.49280091768521816,52.60270094871521,200,0.97
0.4277322890708437,82.8235445022583,200,0.97
0.5250781219097346,73.57043433189392,200,0.97
0.5220323563150192,97.79644465446472,200,0.97
0.5223092440963569,76.38901805877686,200,0.97
0.4190301016573711,52.35126972198486,300,0.97
0.45621217515129947,58.22294998168945,300,0.97
0.4595546062260195,105.47403907775879,300,0.97
0.5250781219097345,106.04856371879578,300,0.97
0.463787033740754,118.09080719947815,300,0.97
0.5005142201653415,118.4182071685791,300,0.97
0.45449151536727184,61.73981952667236,300,0.97
0.45957438392468647,117.6096761226654,300,0.97
0.515248605672244,216.74810528755188,300,0.97
0.4362169217989795,74.8794276714325,300,0.97
0.4646176970847673,130.7349500656128,400,0.97
0.4723309995648906,136.66782808303833,400,0.97
0.4451366638977888,103.32432866096497,400,0.97
0.5084450773308018,59.085875511169434,400,0.97
0.46345081286341533,102.11065554618835,400,0.97
0.45542106720462,139.4522442817688,400,0.97
0.5250781219097346,199.5120301246643,400,0.97
0.467267908706143,143.36339402198792,400,0.97
0.4849096159170918,94.32481598854065,400,0.97
0.459040386060678,76.73120856285095,400,0.97
0.4713223369328744,125.89273929595947,500,0.97
0.49545112930659374,97.09144377708435,500,0.97
0.48334717772240027,112.83722281455994,500,0.97
0.47587120762628055,135.03788948059082,500,0.97
0.5241683477710533,136.7337634563446,500,0.97
0.5203710296269926,247.9305398464203,500,0.97
0.4907242593251849,164.49201202392578,500,0.97
0.45830861120999955,96.4679594039917,500,0.97
0.5172263755389422,81.90646147727966,500,0.97
0.4609390451327083,89.74026656150818,500,0.97
0.4680787943514893,130.73655533790588,600,0.97
0.48676871959178836,140.52198004722595,600,0.97
0.49853645029864313,143.66558170318604,600,0.97
0.5258692298564139,176.05443572998047,600,0.97
0.4608401566393735,170.2382619380951,600,0.97
0.4833471777224002,123.01132440567017,600,0.97
0.47074878367153195,111.39452052116394,600,0.97
0.47337921759424073,192.6666498184204,600,0.97
0.47365610537557845,159.83386945724487,600,0.97
0.44584866104980025,117.4957025051117,600,0.97
0.4769589810529647,42.87567758560181,100,0.95
0.4044143823424706,56.752939224243164,100,0.95
0.4721530002768878,47.5318717956543,100,0.95
0.452039080732566,32.26038193702698,100,0.95
0.4623828171353981,54.994099140167236,100,0.95
0.5083461888374669,48.727379322052,100,0.95
0.4406273486017167,47.17537713050842,100,0.95
0.5180174834856216,38.299405336380005,100,0.95
0.4508919742098809,48.794670820236206,100,0.95
0.44782643091649854,24.743348598480225,100,0.95
0.48969581899450176,123.06087517738342,200,0.95
0.4595546062260195,74.03152894973755,200,0.95
0.4890233772398245,55.01638984680176,200,0.95
0.48997270677583954,61.67057275772095,200,0.95
0.4668130216368024,60.13402342796326,200,0.95
0.4634508128634152,78.91110634803772,200,0.95
0.5247221233337289,102.22431302070618,200,0.95
0.4618488192713896,80.96707653999329,200,0.95
0.4658439144021202,94.29099726676941,200,0.95
0.44333689331909343,83.27121376991272,200,0.95
0.48696649657845814,131.87149214744568,300,0.95
0.5056168664214232,97.1072850227356,300,0.95
0.45542106720462006,120.23226761817932,300,0.95
0.4563703967406352,87.58124017715454,300,0.95
0.5061904196827658,215.04717087745667,300,0.95
0.45957438392468647,99.31957387924194,300,0.95
0.4857402792611052,86.12601065635681,300,0.95
0.47185633479688294,98.50164532661438,300,0.95
0.48947826430916497,99.87875175476074,300,0.95
0.44834065108184007,88.50440907478333,300,0.95
0.5061706419840988,139.0766921043396,400,0.95
0.4692259008741743,202.63792848587036,400,0.95
0.45957438392468647,72.29486584663391,400,0.95
0.4619872631620584,86.78246235847473,400,0.95
0.4839405086824097,110.71201920509338,400,0.95
0.46726790870614293,105.84895849227905,400,0.95
0.5193821446936434,105.21445798873901,400,0.95
0.5164154898935959,75.49534869194031,400,0.95
0.5228630196590324,139.96608424186707,400,0.95
0.5031644317867173,122.56054067611694,400,0.95
0.5250781219097346,209.479834318161,500,0.95
0.5050235354614137,142.0059576034546,500,0.95
0.48997270677583954,150.6532073020935,500,0.95
0.4666943554448004,100.87342071533203,500,0.95
0.515248605672244,104.8306941986084,500,0.95
0.475475653652941,294.35693740844727,500,0.95
0.4535619635299236,86.85243320465088,500,0.95
0.5258692298564138,72.39666771888733,500,0.95
0.45542106720462,123.92969250679016,500,0.95
0.4274949566868399,149.00348711013794,500,0.95
0.4707487836715321,196.96281695365906,600,0.95
0.5241683477710533,85.03466296195984,600,0.95
0.4634508128634152,94.94912981987,600,0.95
0.47883786242632803,181.774090051651,600,0.95
0.5042917606107354,92.81420660018921,600,0.95
0.516316601400261,178.0160415172577,600,0.95
0.5170483762509394,168.01187324523926,600,0.95
0.4702345635061903,236.87485790252686,600,0.95
0.5005142201653415,155.47577595710754,600,0.95
0.5170483762509394,165.35037541389465,600,0.95
0.448459317273842,20.276412963867188,100,0.9
0.4041177168624659,33.430689096450806,100,0.9
0.5085637435228036,40.23520636558533,100,0.9
0.5062101973814327,38.58474087715149,100,0.9
0.48676871959178825,47.143625020980835,100,0.9
0.46084015663937344,48.18864846229553,100,0.9
0.4956489062932637,41.57161211967468,100,0.9
0.4363553656896482,45.57106280326843,100,0.9
0.4536212966259246,66.77246594429016,100,0.9
0.48014319053834886,66.34677839279175,100,0.9
0.5107788457735059,54.666735887527466,200,0.9
0.4584470551006685,34.66222667694092,200,0.9
0.517562596416281,123.52526092529297,200,0.9
0.42021676357739024,73.95495271682739,200,0.9
0.4553419564099522,110.17156314849854,200,0.9
0.4246469680787943,65.326500415802,200,0.9
0.4894782643091649,78.15838670730591,200,0.9
0.5217159131363475,146.70851850509644,200,0.9
0.45324552035125193,83.76293516159058,200,0.9
0.45941616233535065,56.20318603515625,200,0.9
0.4595743839246865,101.43453001976013,300,0.9
0.4738538823622483,168.3397569656372,300,0.9
0.5125588386535342,148.64166283607483,300,0.9
0.4793718602903366,97.18260526657104,300,0.9
0.4948182429492504,136.35284209251404,300,0.9
0.5171274870456073,55.33286714553833,300,0.9
0.4822791819943832,110.563649892807,300,0.9
0.4926031406985484,136.60507988929749,300,0.9
0.5238123491950477,168.7548177242279,300,0.9
0.4553617341086191,81.25061964988708,300,0.9
0.4619872631620584,48.829899311065674,400,0.9
0.4592183853486808,95.63213443756104,400,0.9
0.5250781219097346,131.14665174484253,400,0.9
0.5225465764803607,93.4206440448761,400,0.9
0.4790554171116648,97.50984168052673,400,0.9
0.49792334163996677,119.14781475067139,400,0.9
0.4736758830742454,100.75320315361023,400,0.9
0.5194810331869782,146.41980290412903,400,0.9
0.4955697954985958,90.86426019668579,400,0.9
0.4595546062260195,170.57094073295593,400,0.9
0.4833669554210673,102.0479564666748,500,0.9
0.468395237530161,86.19173002243042,500,0.9
0.45941616233535076,95.14325952529907,500,0.9
0.5193821446936434,126.23416447639465,500,0.9
0.4452157746924567,147.98954582214355,500,0.9
0.46940390016217715,129.0251636505127,500,0.9
0.5234563506190419,159.34080004692078,500,0.9
0.5238123491950477,101.44777083396912,500,0.9
0.45955460622601946,92.06790471076965,500,0.9
0.47547565365294087,124.21954345703125,500,0.9
0.4079545904038605,221.37355852127075,600,0.9
0.4595546062260195,124.98501825332642,600,0.9
0.47074878367153195,214.3621814250946,600,0.9
0.5220323563150191,180.42150354385376,600,0.9
0.5250781219097346,275.08011746406555,600,0.9
0.47337921759424073,103.22783613204956,600,0.9
0.5061113088880977,89.74037170410156,600,0.9
0.5193623669949764,108.8566780090332,600,0.9
0.49331513785055964,112.2668228149414,600,0.9
0.4838020647917408,83.62717890739441,600,0.9
